; GIMP Palette
; This file contains 1148 colors which try to match the Pantone Coated
; Palette (TM) used by Corel Draw 3.0 (TM) in a RGB color space.
; 1
247 224 22 Yellow C
247 216 22 Yellow 012 C
237 109 0 Orange 021 C
244 63 40 Warm Red C
237 45 56 Red 032 C
204 2 91 Rubine Red C
229 0 147 Rhodamine Red C
; 2
186 30 181 Purple C
102 0 160 Violet C
40 5 160 Blue 072 C
22 22 150 Reflex Blue C
0 140 204 Process Blue C
0 178 147 Green C
51 43 35 Black C
; 3
244 224 20 Process Yellow C
209 2 102 Process Magenta C
0 163 209 Process Cyan C
25 25 22 Process Black C
0 0 0 (Black)
0 0 0 (Black)
0 0 0 (Black)
; 4
249 224 22 HEXACHROME Yellow C
242 124 0 HEXACHROME Orange C
221 0 130 HEXACHROME Magenta C
0 145 204 HEXACHROME Cyan C
0 170 89 HEXACHROME Green C
33 33 33 HEXACHROME Black C
0 0 0 (Black)
; 5
242 237 130 100 C
244 237 89 101 C
244 232 20 102 C
247 224 22 Yellow C
196 173 15 103 C
168 150 10 104 C
127 114 15 105 C
; 6
244 232 91 106 C
244 226 38 107 C
247 219 22 108 C
247 211 22 109 C
211 175 17 110 C
168 142 10 111 C
147 130 10 112 C
; 7
247 226 84 113 C
247 226 73 114 C
249 224 66 115 C
249 209 22 116 C
196 158 12 117 C
170 140 10 118 C
135 117 20 119 C
; 8
249 224 114 120 C
249 221 104 121 C
252 214 71 122 C
252 201 22 123 C
224 173 17 124 C
178 140 10 125 C
158 124 10 126 C
; 9
244 226 158 1205 C
244 221 140 1215 C
249 201 61 1225 C
247 181 17 1235 C
191 147 12 1245 C
165 130 0 1255 C
130 102 12 1265 C
; 10
239 224 124 127 C
237 216 89 128 C
237 206 61 129 C
229 175 17 130 C
198 147 12 131 C
158 124 10 132 C
112 89 15 133 C
; 11
247 214 124 134 C
252 201 84 135 C
252 188 48 136 C
247 163 10 137 C
211 132 0 138 C
170 114 5 139 C
119 86 10 140 C
; 12
249 209 132 1345 C
252 201 117 1355 C
252 183 81 1365 C
249 158 12 1375 C
201 122 0 1385 C
153 99 7 1395 C
107 71 15 1405 C
; 13
237 204 96 141 C
237 188 61 142 C
234 173 20 143 C
221 135 2 144 C
193 124 5 145 C
150 99 5 146 C
112 89 28 147 C
; 14
252 209 147 148 C
255 198 130 149 C
252 170 79 150 C
242 124 0 151 C
216 114 0 152 C
183 104 5 153 C
150 86 0 154 C
; 15
252 181 122 1485 C
255 127 58 1495 C
242 127 0 1505 C
237 109 0 Orange 021 C
186 86 0 1525 C
140 66 0 1535 C
79 38 7 1545 C
; 16
239 214 168 155 C
237 193 130 156 C
232 158 71 157 C
221 112 7 158 C
193 94 2 159 C
158 81 5 160 C
94 56 17 161 C
; 17
249 191 158 1555 C
249 168 119 1565 C
249 135 61 1575 C
244 112 0 1585 C
209 96 2 1595 C
158 76 10 1605 C
130 61 10 1615 C
; 18
255 193 163 162 C
249 155 109 163 C
249 127 61 164 C
244 102 0 165 C
216 89 0 166 C
186 81 5 167 C
107 48 12 168 C
; 19
249 163 135 1625 C
249 142 107 1635 C
249 109 53 1645 C
242 89 0 1655 C
216 79 0 1665 C
163 61 5 1675 C
132 53 15 1685 C
; 20
249 181 170 169 C
249 137 117 170 C
249 99 58 171 C
242 79 0 172 C
211 71 15 173 C
150 51 15 174 C
112 51 30 175 C
; 21
249 170 175 176 C
249 127 132 177 C
249 91 89 178 C
244 63 40 Warm Red C
221 58 33 179 C
188 56 38 180 C
119 40 28 181 C
# 22
249 155 165 1765 C
249 130 142 1775 C
247 68 81 1785 C
234 38 40 1788 C
209 35 33 1795 C
173 38 35 1805 C
119 30 28 1815 C
# 23
252 175 186 1767 C
249 99 119 1777 C
244 66 86 1787 C
237 45 56 Red 032 C
204 40 43 1797 C
158 40 43 1807 C
91 38 35 1817 C
# 24
252 183 193 182 C
252 140 160 183 C
247 91 117 184 C
229 12 45 185 C
206 20 43 186 C
175 28 45 187 C
124 33 43 188 C
# 25
249 160 181 189 C
247 117 147 190 C
239 61 104 191 C
226 12 63 192 C
191 17 56 193 C
153 30 53 194 C
117 40 53 195 C
# 26
249 188 204 1895 C
247 153 181 1905 C
242 84 130 1915 C
224 0 71 1925 C
198 5 63 1935 C
165 15 56 1945 C
142 22 53 1955 C
# 27
239 198 201 196 C
234 155 168 197 C
224 79 102 198 C
214 28 56 199 C
186 17 43 200 C
155 30 45 201 C
135 33 45 202 C
# 28
237 170 193 203 C
232 122 163 204 C
224 68 122 205 C
206 5 68 206 C
173 2 58 207 C
142 33 63 208 C
117 38 58 209 C
# 29
255 158 193 210 C
252 122 173 211 C
244 73 145 212 C
229 7 109 213 C
204 2 91 214 C
168 7 76 215 C
122 28 61 216 C
# 30
239 186 211 217 C
232 109 173 218 C
221 30 130 219 C
204 2 91 Rubine Red C
168 2 79 220 C
145 0 68 221 C
107 22 58 222 C
# 31
244 142 198 223 C
242 102 181 224 C
229 22 147 225 C
209 2 114 226 C
170 2 91 227 C
137 0 76 228 C
107 28 63 229 C
# 32
252 165 209 230 C
249 114 191 231 C
242 56 165 232 C
229 0 147 Rhodamnie Red C
198 0 124 233 C
165 0 102 234 C
137 0 79 235 C
# 33
247 173 214 236 C
242 130 201 237 C
234 79 178 238 C
224 38 163 239 C
198 10 142 240 C
173 0 119 241 C
122 20 81 242 C
# 34
244 193 219 2365 C
229 107 193 2375 C
216 40 170 2385 C
196 0 142 2395 C
168 0 124 2405 C
153 0 112 2415 C
130 0 94 2425 C
# 35
237 181 219 243 C
234 160 214 244 C
226 124 204 245 C
201 0 163 246 C
181 0 147 247 C
160 0 130 248 C
122 30 94 249 C
# 36
232 191 221 250 C
221 155 216 251 C
206 99 198 252 C
186 30 181 Purple C
173 12 165 253 C
153 25 145 254 C
114 35 102 255 C
# 37
221 191 216 256 C
209 163 204 257 C
150 68 147 258 C
112 17 107 259 C
96 22 89 260 C
91 28 79 261 C
81 33 68 262 C
# 38
214 163 219 2562 C
198 130 209 2572 C
170 68 191 2582 C
153 0 170 2592 C
130 0 142 2602 C
109 17 114 2612 C
89 33 84 2622 C
# 39
204 155 209 2563 C
183 119 191 2573 C
158 76 170 2583 C
132 35 142 2593 C
109 10 119 2603 C
102 15 109 2613 C
91 20 94 2623 C
# 40
193 153 209 2567 C
170 114 193 2577 C
140 66 173 2587 C
102 0 135 2597 C
89 0 117 2607 C
81 0 107 2617 C
71 10 89 2627 C
# 41
221 204 226 263 C
196 165 221 264 C
147 96 201 265 C
114 40 175 266 C
89 22 137 267 C
81 28 119 268 C
73 35 94 269 C
# 42
198 173 219 2635 C
181 145 214 2645 C
155 112 204 2655 C
135 76 145 2665 C
102 0 160 Violet C
79 0 124 2685 C
61 25 84 2695 C
# 43
181 170 211 270 C
155 142 201 271 C
130 114 186 272 C
51 12 114 273 C
43 12 96 274 C
38 12 84 275 C
38 25 63 276 C
# 44
170 158 216 2705 C
142 124 206 2715 C
112 79 191 2725 C
79 0 137 2735 C
61 0 114 2745 C
51 0 99 2755 C
38 5 81 2765 C
# 45
204 204 226 2706 C
158 160 219 2716 C
89 79 191 2726 C
63 17 165 2736 C
53 15 142 2746 C
40 22 107 2756 C
33 25 81 2766 C
# 46
198 209 229 2707 C
170 188 226 2717 C
79 119 214 2727 C
40 5 160 Blue 072 C
20 30 119 2747 C
12 30 96 2757 C
20 33 66 2767 C
# 47
186 196 226 2708 C
102 124 209 2718 C
51 66 181 2782 C
45 0 153 2738 C
28 20 117 2748 C
22 25 99 2758 C
17 28 76 2768 C
# 48
178 198 226 277 C
147 181 224 278 C
86 137 214 279 C
22 22 150 Reflex Blue C
0 35 124 280 C
0 35 104 281 C
0 33 76 282 C
#
158 191 226 283 C
122 170 221 284 C
25 117 206 285 C
0 51 170 286 C
0 56 150 287 C
0 48 130 288 C
0 35 76 289 C
#
198 216 229 290 C
173 206 229 291 C
119 178 224 292 C
0 71 186 293 C
0 56 130 294 C
0 45 99 295 C
0 40 63 296 C
#
158 201 226 2905 C
114 181 224 2915 C
10 147 214 2925 C
0 94 196 2935 C
0 86 165 2945 C
0 61 109 2955 C
0 51 81 2965 C
#
132 198 226 297 C
86 181 224 298 C
0 163 224 299 C
0 109 198 300 C
0 89 155 301 C
0 71 107 302 C
0 53 73 303 C
#
175 216 229 2975 C
86 191 226 2985 C
0 165 221 2995 C
0 124 204 3005 C
0 102 158 3015 C
0 76 104 3025 C
0 61 76 3035 C
#
173 219 226 304 C
104 204 229 305 C
0 183 224 306 C
0 140 204 Process Blue C
0 119 170 307 C
0 94 124 308 C
0 58 68 309 C
#
117 209 224 310 C
40 193 221 311 C
0 170 201 312 C
0 153 186 313 C
0 132 160 314 C
0 104 122 315 C
0 68 76 316 C
#
124 211 221 3105 C
45 198 214 3115 C
0 175 198 3125 C
0 153 170 3135 C
0 124 140 3145 C
0 104 114 3155 C
0 81 86 3165 C
#
198 229 226 317 C
153 219 221 318 C
73 204 211 319 C
0 155 163 320 C
0 132 137 321 C
0 112 114 322 C
0 96 99 323 C
#
160 216 214 324 C
86 198 193 325 C
0 175 170 326 C
0 135 124 327 C
0 114 107 328 C
0 102 91 329 C
0 84 76 330 C
#
130 216 211 3242 C
86 211 204 3252 C
0 188 181 3262 C
0 163 155 3272 C
0 135 127 3282 C
0 91 84 3292 C
0 68 61 3302 C
#
135 221 209 3245 C
71 214 198 3255 C
0 196 181 3265 C
0 178 160 3275 C
0 150 135 3285 C
0 124 112 3295 C
0 76 63 3305 C
#
130 211 196 3248 C
79 198 181 3258 C
0 170 150 3268 C
0 155 130 3278 C
0 130 107 3288 C
0 104 86 3298 C
0 66 53 3308 C
#
186 232 216 331 C
168 229 214 332 C
84 219 193 333 C
0 178 147 Green C
0 153 130 334 C
0 124 104 335 C
0 102 84 336 C
#
155 216 193 337 C
124 209 183 338 C
0 178 142 339 C
0 153 112 340 C
0 122 94 341 C
0 107 84 342 C
0 84 63 343 C
#
137 226 193 3375 C
73 216 173 3385 C
0 198 150 3395 C
0 175 122 3405 C
0 119 84 3415 C
0 102 71 3425 C
0 71 48 3435 C
#
170 221 188 344 C
142 214 170 345 C
99 204 150 346 C
0 153 89 347 C
0 130 73 348 C
0 99 56 349 C
25 71 43 350 C
#
173 232 191 351 C
142 226 173 352 C
114 221 158 353 C
0 175 81 354 C
0 150 68 355 C
0 114 53 356 C
20 76 40 357 C
#
168 221 140 358 C
160 219 135 359 C
84 193 71 360 C
12 175 43 361 C
40 153 38 362 C
51 140 38 363 C
51 114 33 364 C
#
206 232 155 365 C
191 226 135 366 C
163 216 99 367 C
96 191 25 368 C
79 168 0 369 C
79 140 12 370 C
73 96 28 371 C
#
216 237 158 372 C
206 234 127 373 C
186 232 91 374 C
142 211 0 375 C
124 186 0 376 C
107 142 0 377 C
76 89 12 378 C
#
221 232 102 379 C
209 226 56 380 C
196 219 12 381 C
186 211 5 382 C
158 170 5 383 C
137 142 5 384 C
109 107 12 385 C
#
226 234 104 386 C
219 232 53 387 C
214 226 15 388 C
201 219 2 389 C
181 186 5 390 C
147 145 7 391 C
124 119 5 392 C
#
237 237 135 393 C
232 234 56 394 C
226 229 15 395 C
221 221 12 396 C
191 183 10 397 C
170 163 10 398 C
150 140 7 399 C
#
239 237 114 3935 C
234 232 17 3945 C
232 224 17 3955 C
232 221 17 3965 C
183 168 12 3975 C
150 137 10 3985 C
104 91 0 3995 C
#
209 201 188 400 C
193 183 170 401 C
175 165 153 402 C
153 142 130 403 C
124 114 102 404 C
102 89 76 405 C
51 43 35 Black C
#
206 196 186 406 C
188 175 165 407 C
168 153 142 408 C
150 135 124 409 C
124 109 102 410 C
99 84 73 411 C
56 43 38 412 C
#
206 201 188 413 C
186 181 168 414 C
160 158 142 415 C
140 137 122 416 C
112 112 96 417 C
91 91 79 418 C
33 33 25 418 C
#
209 204 196 420 C
191 186 181 421 C
173 170 165 422 C
147 147 142 423 C
122 122 119 424 C
89 89 89 425 C
35 35 35 426 C
#
216 214 209 427 C
201 201 196 428 C
173 173 173 429 C
140 142 145 430 C
99 107 112 431 C
66 73 81 432 C
35 40 45 433 C
#
216 201 198 434 C
206 186 186 435 C
188 165 165 436 C
137 107 112 437 C
84 61 61 438 C
71 51 51 439 C
58 45 40 440 C
#
209 209 204 441 C
186 188 186 442 C
160 163 160 443 C
130 132 132 444 C
84 84 84 445 C
63 63 63 446 C
53 53 48 447 C
#
229 219 209 Warm Gray 1 C
221 214 204 Warm Gray 2 C
206 196 183 Warm Gray 3 C
193 181 168 Warm Gray 4 C
181 170 158 Warm Gray 5 C
0 0 0 (Black)
0 0 0 (Black)
#
173 160 147 Warm Gray 6 C
163 147 135 Warm Gray 7 C
147 135 122 Warm Gray 8 C
140 124 112 Warm Gray 9 C
124 112 96 Warm Gray 10 C
107 91 79 Warm Gray 11 C
0 0 0 (Black)
#
232 226 216 Cool Gray 1 C
219 214 209 Cool Gray 2 C
206 201 196 Cool Gray 3 C
193 191 183 Cool Gray 4 C
183 178 173 Cool Gray 5 C
0 0 0 (Black)
0 0 0 (Black)
#
181 175 173 Cool Gray 6 C
163 160 158 Cool Gray 7 C
150 147 145 Cool Gray 8 C
135 135 132 Cool Gray 9 C
114 114 114 Cool Gray 10 C
102 99 102 Cool Gray 11 C
0 0 0 (Black)
#
58 51 28 Black 2 C
40 45 38 Black 3 C
61 45 28 Black 4 C
68 45 45 Black 5 C
17 28 38 Black 6 C
63 58 51 Black 7 C
0 0 0 (Black)
#
71 63 38 448 C
73 68 33 449 C
79 73 33 450 C
158 155 112 451 C
181 178 140 452 C
201 198 165 453 C
216 211 186 454 C
#
91 71 20 4485 C
130 112 38 4495 C
153 137 66 4505 C
181 165 107 4515 C
198 188 137 4525 C
214 204 163 4535 C
226 216 186 4545 C
#
99 84 17 455 C
147 127 10 456 C
173 147 12 457 C
216 204 96 458 C
224 211 119 459 C
229 221 145 460 C
234 229 173 461 C
#
84 63 30 462 C
107 73 28 463 C
130 89 30 464 C
186 158 102 465 C
201 181 130 466 C
214 196 153 467 C
224 214 181 468 C
#
76 38 17 4625 C
142 91 48 4635 C
175 127 86 4645 C
193 147 112 4655 C
211 173 142 4665 C
224 193 168 4675 C
232 211 191 4685 C
#
96 51 20 469 C
153 79 20 470 C
178 84 7 471 C
226 153 99 472 C
237 186 142 473 C
242 198 163 474 C
242 209 181 475 C
#
81 40 28 4695 C
124 76 56 4705 C
153 112 89 4715 C
178 142 122 4725 C
198 170 153 4735 C
214 191 175 4745 C
224 206 191 4755 C
#
79 51 35 476 C
91 48 33 477 C
112 56 35 478 C
170 130 102 479 C
201 170 147 480 C
214 191 168 481 C
224 206 188 482 C
#
104 45 30 483 C
155 48 25 484 C
211 45 17 485 C
232 147 124 486 C
234 170 147 487 C
237 188 168 488 C
237 204 186 489 C
#
89 38 38 490 C
117 40 40 491 C
142 51 53 492 C
219 130 142 493 C
234 165 175 494 C
242 183 191 495 C
242 193 198 496 C
#
79 40 38 497 C
104 51 43 498 C
119 56 45 499 C
204 132 137 500 C
226 170 175 501 C
234 191 191 502 C
237 204 201 503 C
#
68 28 28 4975 C
135 73 76 4985 C
163 102 107 4995 C
186 130 132 5005 C
211 168 168 5010 C
224 188 186 5025 C
232 204 198 5035 C
#
79 30 38 504 C
109 38 53 505 C
127 40 61 506 C
214 140 160 507 C
232 170 186 508 C
237 186 193 509 C
239 193 201 510 C
#
96 33 71 511 C
130 28 107 512 C
155 25 135 513 C
216 130 191 514 C
229 163 204 515 C
237 186 214 516 C
242 201 219 517 C
#
76 38 58 5115 C
112 63 94 5125 C
140 91 122 5135 C
165 124 147 5145 C
196 165 181 5155 C
219 196 204 5165 C
229 214 214 5175 C
#
76 40 66 518 C
91 43 89 519 C
107 45 109 520 C
175 132 178 521 C
193 158 193 522 C
209 178 204 523 C
224 204 216 524 C
#
71 38 56 5185 C
96 56 76 5195 C
142 102 119 5205 C
181 147 160 5215 C
204 175 183 5225 C
216 196 198 5235 C
226 211 211 5245 C
#
84 38 86 525 C
102 28 119 526 C
119 20 150 527 C
173 114 196 528 C
204 163 214 529 C
211 175 216 530 C
221 196 221 531 C
#
45 35 71 5255 C
71 58 99 5265 C
91 81 119 5275 C
140 130 158 5285 C
175 165 186 5295 C
198 191 201 5305 C
219 211 214 5315 C
#
40 43 53 532 C
40 51 81 533 C
45 63 107 534 C
155 160 188 535 C
170 175 198 536 C
196 198 211 537 C
216 216 219 538 C
#
0 43 68 539 C
0 48 91 540 C
0 63 122 541 C
102 153 193 542 C
155 186 214 543 C
183 204 221 544 C
198 211 224 545 C
#
5 38 56 5395 C
68 99 122 5405 C
91 119 142 5415 C
132 153 168 5425 C
170 183 193 5435 C
193 201 206 5445 C
211 214 216 5455 C
#
0 51 61 546 C
0 63 79 547 C
0 68 84 548 C
99 153 170 549 C
140 175 191 550 C
165 193 204 551 C
191 209 214 552 C
#
0 40 45 5463 C
17 99 107 5473 C
89 142 147 5483 C
135 173 175 5493 C
168 196 196 5503 C
196 214 209 5513 C
214 221 216 5523 C
#
22 56 51 5467 C
61 91 86 5477 C
102 124 119 5487 C
145 160 155 5497 C
173 186 178 5507 C
198 204 196 5517 C
209 211 204 5527 C
#
33 66 48 553 C
35 96 71 554 C
12 107 76 555 C
117 163 140 556 C
155 186 165 557 C
175 201 181 558 C
198 214 198 559 C
#
30 56 45 5535 C
79 109 94 5545 C
114 142 127 5555 C
147 168 153 5565 C
173 188 175 5575 C
198 209 196 5585 C
216 221 211 5595 C
#
40 71 61 560 C
30 96 86 561 C
25 119 109 562 C
124 186 175 563 C
160 204 196 564 C
191 219 211 565 C
211 226 219 566 C
#
25 48 35 5605 C
91 112 94 5615 C
112 130 112 5625 C
155 165 150 5635 C
181 191 175 5645 C
193 198 186 5655 C
209 211 198 5665 C
#
28 68 56 567 C
0 104 89 568 C
0 132 117 569 C
127 198 186 570 C
165 214 201 571 C
188 221 211 572 C
198 226 216 573 C
#
63 79 33 574 C
84 117 43 575 C
99 142 56 576 C
178 201 140 577 C
191 209 153 578 C
198 214 163 579 C
211 221 181 580 C
#
61 71 33 5743 C
94 102 56 5753 C
112 119 68 5763 C
147 153 109 5773 C
175 178 140 5783 C
193 196 163 5793 C
211 211 183 5809 C
#
63 71 20 5747 C
112 117 43 5757 C
140 147 76 5767 C
168 173 112 5777 C
193 196 147 5787 C
211 211 170 5797 C
221 219 188 5807 C
#
94 91 15 581 C
132 135 5 582 C
168 181 10 583 C
201 214 71 584 C
214 221 107 585 C
221 226 132 586 C
226 232 153 587 C
#
73 68 17 5815 C
124 119 43 5825 C
158 153 81 5835 C
173 170 104 5845 C
201 196 145 5855 C
214 209 165 5865 C
221 216 178 5875 C
#
239 234 175 600 C
239 234 158 601 C
237 234 135 602 C
234 229 86 603 C
229 221 15 604 C
221 204 17 605 C
211 191 17 606 C
#
237 234 188 607 C
237 232 173 608 C
232 226 147 609 C
224 219 109 610 C
214 206 63 611 C
193 181 12 612 C
175 158 12 613 C
#
232 224 186 614 C
224 219 170 615 C
216 211 153 616 C
201 196 120 617 C
178 170 73 618 C
153 142 35 619 C
132 119 12 620 C
#
216 221 211 621 C
196 209 196 622 C
163 188 173 623 C
124 160 142 624 C
86 130 112 625 C
35 86 68 626 C
5 45 33 627 C
#
209 226 226 628 C
181 216 221 629 C
140 204 216 630 C
91 186 204 631 C
0 158 186 632 C
0 127 158 633 C
0 104 132 634 C
#
181 221 226 635 C
153 214 226 636 C
109 201 224 637 C
0 181 216 638 C
0 158 198 639 C
0 140 186 640 C
0 119 170 641 C
#
214 216 221 642 C
204 211 219 643 C
158 175 201 644 C
124 153 186 645 C
94 130 170 646 C
38 86 135 647 C
0 43 94 648 C
#
219 219 224 649 C
198 206 216 650 C
160 173 198 651 C
119 140 178 652 C
53 86 140 653 C
15 48 99 654 C
10 33 79 655 C
#
219 221 229 656 C
198 209 226 657 C
170 186 221 658 C
119 150 206 659 C
66 107 186 660 C
7 51 142 661 C
15 30 122 662 C
#
226 216 221 663 C
221 209 216 664 C
204 186 204 665 C
168 145 175 666 C
127 99 142 667 C
102 71 119 668 C
71 40 91 669 C
#
239 211 219 670 C
234 193 211 671 C
229 165 196 672 C
221 135 181 673 C
209 96 155 674 C
181 38 112 675 C
160 0 81 676 C
#
234 209 214 677 C
232 201 209 678 C
226 191 204 679 C
206 150 175 680 C
186 114 150 681 C
158 71 112 682 C
124 33 73 683 C
#
234 201 209 684 C
229 186 198 685 C
221 173 191 686 C
201 132 163 687 C
183 104 140 688 C
150 63 104 689 C
109 33 66 690 C
#
237 204 201 691 C
232 193 191 692 C
219 165 168 693 C
204 142 147 694 C
178 102 112 695 C
147 68 79 696 C
127 51 56 697 C
#
244 206 206 698 C
242 193 196 699 C
239 168 175 700 C
232 140 153 701 C
214 99 114 702 C
183 56 71 703 C
158 38 40 704 C
#
247 214 214 705 C
249 198 204 706 C
249 175 183 707 C
247 142 158 708 C
237 102 122 709 C
226 68 89 710 C
206 40 48 711 C
#
252 206 165 712 C
255 193 145 713 C 
252 175 114 714 C
247 150 66 715 C
232 124 12 716 C
206 104 0 717 C
191 91 0 718 C
#
242 206 175 719 C
239 196 158 720 C
229 175 127 721 C
214 142 84 722 C
191 114 40 723 C
147 76 2 724 C
124 61 2 725 C
#
237 206 181 726 C
226 191 155 727 C
214 170 130 728 C
196 142 94 729 C
170 112 56 730 C
119 63 7 731 C
96 48 5 732 C
#
244 229 188 7401 C
237 221 155 7402 C
234 209 119 7403 C
239 216 25 7404 C
229 196 20 7405 C
226 186 17 7406 C
204 160 71 7407 C
#
237 181 17 7408 C
232 175 17 7409 C
255 168 112 7410 C
224 165 81 7411 C
209 122 40 7412 C
211 124 22 7413 C
188 102 10 7414 C
#
232 191 170 7415 C
226 107 76 7416 C
221 84 51 7417 C
198 79 79 7418 C
173 71 81 7419 C
158 33 61 7420 C
102 20 40 7421 C
#
247 214 211 7422 C
232 104 135 7423 C
229 51 117 7424 C
193 45 89 7425 C
178 28 68 7426 C
153 20 38 7427 C
119 51 68 7428 C
#
232 193 204 7429 C
221 170 186 7430 C
211 165 165 7431 C
191 102 132 7432 C
175 66 104 7433 C
160 51 89 7434 C
140 33 73 7435 C
#
234 209 221 7436 C
209 175 204 7437 C
211 150 204 7438 C
186 145 186 7439 C
165 122 163 7440 C
163 96 188 7441 C
147 45 181 7442 C
#
221 214 221 7443 C
193 186 216 7444 C
170 158 191 7445 C
155 140 201 7446 C
102 73 119 7447 C
89 63 86 7448 C
58 30 45 7449 C
#
193 193 214 7450 C
145 165 219 7451 C
140 142 214 7452 C
130 155 211 7453 C
107 142 181 7454 C
76 89 170 7455 C
119 119 175 7456 C
#
214 226 229 7457 C
130 183 201 7458 C
56 153 181 7459 C
0 147 191 7460 C
0 137 196 7461 C
12 91 145 7462 C
0 53 89 7463 C
#
183 219 214 7464 C
91 201 186 7465 C
0 181 188 7466 C
0 173 181 7467 C
0 119 155 7468 C
0 96 135 7469 C
0 104 127 7470 C
#
155 224 214 7471 C
117 193 188 7472 C
53 163 145 7473 C
0 130 140 7474 C
89 135 135 7475 C
5 84 89 7476 C
43 86 99 7477 C
#
175 232 198 7478 C
61 211 132 7479 C
0 198 130 7480 C
0 191 99 7481 C
0 170 104 7482 C
35 94 53 7483 C
0 91 63 7484 C
#
226 229 209 7485 C
196 226 160 7486 C
147 221 109 7487 C
102 211 61 7488 C
107 170 76 7489 C
96 145 61 7490 C
109 130 51 7491 C
#
193 206 132 7492 C
186 196 140 7493 C
158 175 135 7494 C
124 142 40 7495 C
94 119 2 7496 C
114 107 73 7497 C
68 79 35 7498 C
#
242 232 198 7499 C
232 221 186 7500 C
226 211 173 7501 C
214 191 145 7502 C
170 158 109 7503 C
142 114 79 7504 C
130 96 58 7505 C
#
239 221 186 7506 C
249 211 158 7507 C
229 193 140 7508 C
219 173 107 7509 C
198 142 61 7510 C
173 107 7 7511 C
153 89 5 7512 C
#
232 186 163 7513 C
216 168 137 7514 C
153 145 112 7515 C
153 84 38 7516 C
130 61 20 7517 C
112 79 68 7518 C
91 71 56 7519 C
# 
237 193 178 7520 C
201 170 153 7521 C
186 119 94 7522 C
175 102 89 7523 C
168 91 73 7524 C
158 112 81 7525 C
140 58 22 7526 C
#
224 216 198 7527 C
214 198 183 7528 C
193 178 160 7529 C
168 150 130 7530 C
130 109 89 7531 C
102 81 61 7532 C
73 56 38 7533 C
#
219 211 193 7534 C
196 188 163 7535 C
170 163 135 7536 C
181 183 170 7537 C
163 165 153 7538 C
163 160 153 7539 C
112 109 112 7540 C
#
226 226 221 7541 C
175 191 191 7542 C
168 173 175 7543 C
137 145 153 7544 C
84 96 109 7545 C
61 76 89 7546 C
33 45 56 7547 C
#
0 170 209 801 C
94 224 68 802 C
255 232 22 803 C
255 153 71 804 C
249 91 79 805 C
255 0 153 806 C
165 0 165 807 C
#
0 175 153 808 C
224 229 17 809 C
255 201 28 810 C
255 119 76 811 C
252 51 112 812 C
237 0 163 813 C
137 91 196 814 C
#
132 114 68 871 C
135 112 68 872 C
137 112 71 873 C
140 109 71 874 C
145 107 73 875 C
145 96 61 876 C
147 145 142 877 C
#
135 122 104 8003 C
147 114 96 8021 C
150 104 112 8062 C
135 112 130 8100 C
96 122 137 8201 C
112 140 132 8281 C
122 137 107 8321 C
